===========================================================================================
ERSN/LMR, University Abdelmalek Essaadi Faculty of Sciences - Tetouan, Morocco 
Code developed by Jaafar EL bakkali  
SIMULATION INFOS : CALCULATE PDD
TOTAL NUMBERS OF EVENTS IN VOXELISED VOLUME : -461220884
VOXELISED PHANTOM SIZE : 11.25,11.25,20
NUMBER OF VOXELS (X,Y,Z) : 45,45,80
VOXEL VOLUME : 0.125 CM_3 
VOXEL MASSE : 2.00272e-20 GRAMME 
===========================================================================================
 ID  XC_PHANTOM(CM)        EDEP(MEV/G) EDEPN10        ERROR%
0	       0.5	1.22387e+06	   1.16169	  0.103127
1	         1	1.58094e+06	   1.50062	   0.08733
2	       1.5	1.64077e+06	    1.5574	 0.0872759
3	         2	1.63414e+06	   1.55111	  0.087867
4	       2.5	1.59907e+06	   1.51783	  0.089165
5	         3	1.5609e+06	   1.48159	 0.0905304
6	       3.5	1.52103e+06	   1.44375	 0.0918638
7	         4	1.48224e+06	   1.40692	 0.0934011
8	       4.5	1.44305e+06	   1.36973	 0.0947547
9	         5	1.40881e+06	   1.33723	 0.0962579
10	       5.5	1.37325e+06	   1.30347	 0.0976989
11	         6	1.33264e+06	   1.26493	 0.0992368
12	       6.5	1.29396e+06	   1.22822	  0.101132
13	         7	1.25493e+06	   1.19117	  0.102879
14	       7.5	1.22233e+06	   1.16023	  0.104385
15	         8	1.1865e+06	   1.12621	  0.106068
16	       8.5	1.15462e+06	   1.09596	  0.107674
17	         9	1.11913e+06	   1.06226	  0.109565
18	       9.5	1.08549e+06	   1.03034	  0.111667
19	        10	1.05353e+06	         1	  0.113533
20	      10.5	1.02531e+06	  0.973213	   0.11501
21	        11	    997096	  0.946433	  0.116804
22	      11.5	    966195	  0.917102	  0.118754
23	        12	    940311	  0.892533	  0.120636
24	      12.5	    912293	  0.865939	  0.122676
25	        13	    882862	  0.838004	  0.125009
26	      13.5	    858415	  0.814798	  0.126978
27	        14	    830122	  0.787944	  0.129414
28	      14.5	    806180	  0.765218	   0.13133
29	        15	    782372	  0.742619	  0.133447
30	      15.5	    759715	  0.721114	  0.135392
31	        16	    735701	   0.69832	  0.137973
32	      16.5	    711343	    0.6752	  0.140503
33	        17	    689921	  0.654866	  0.142904
34	      17.5	    672922	   0.63873	  0.144985
35	        18	    653510	  0.620305	  0.147017
36	      18.5	    635968	  0.603654	  0.149168
37	        19	    614929	  0.583684	  0.151959
38	      19.5	    596595	  0.566282	  0.154317
39	        20	    577741	  0.548386	  0.156626
40	      20.5	    563594	  0.534958	  0.159225
41	        21	    543048	  0.515456	  0.162759
42	      21.5	    527410	  0.500612	  0.165181
43	        22	    514074	  0.487954	  0.166916
44	      22.5	    498767	  0.473425	  0.169805
45	        23	    483259	  0.458705	  0.172377
46	      23.5	    469923	  0.446047	  0.175092
47	        24	    454995	  0.431876	  0.178309
48	      24.5	    443292	  0.420768	  0.180787
49	        25	    432464	   0.41049	  0.183434
50	      25.5	    417875	  0.396643	  0.186046
51	        26	    404541	  0.383986	  0.190071
52	      26.5	    393653	  0.373651	  0.192322
53	        27	    383152	  0.363684	  0.195132
54	      27.5	    371180	   0.35232	  0.197978
55	        28	    361311	  0.342953	  0.201344
56	      28.5	    351060	  0.333223	  0.203533
57	        29	    338847	   0.32163	  0.207424
58	      29.5	    328923	   0.31221	  0.210515
59	        30	    318570	  0.302384	  0.214047
60	      30.5	    312424	  0.296549	  0.215258
61	        31	    303739	  0.288306	  0.219269
62	      31.5	    293448	  0.278538	  0.223106
63	        32	    284268	  0.269824	  0.227406
64	      32.5	    278449	  0.264301	  0.228807
65	        33	    270064	  0.256342	  0.232426
66	      33.5	    264011	  0.250597	  0.234403
67	        34	    256127	  0.243114	  0.237392
68	      34.5	    247993	  0.235393	  0.240963
69	        35	    239914	  0.227724	  0.246102
70	      35.5	    235490	  0.223525	  0.246962
71	        36	    225330	  0.213881	  0.251454
72	      36.5	    221333	  0.210087	  0.252755
73	        37	    215481	  0.204532	   0.25451
74	      37.5	    208438	  0.197847	  0.257979
75	        38	    201178	  0.190956	  0.260612
76	      38.5	    193902	   0.18405	  0.264714
77	        39	    190799	  0.181105	  0.266357
78	      39.5	    184674	  0.175291	  0.265084
79	        40	    154295	  0.146456	  0.280584
